---
build/apple-touch-icon-114x114-precomposed.png: 2015-04-22 17:09:45.000000000 +02:00
build/apple-touch-icon-120x120-precomposed.png: 2015-04-22 17:09:45.000000000 +02:00
build/apple-touch-icon-144x144-precomposed.png: 2015-04-22 17:14:02.000000000 +02:00
build/apple-touch-icon-72x72-precomposed.png: 2015-04-22 17:09:45.000000000 +02:00
build/apple-touch-icon-precomposed.png: 2015-04-22 17:14:02.000000000 +02:00
build/images/badge_partner_large-15faf67b.png: 2015-04-22 17:14:03.000000000 +02:00
build/images/contentful-694e0710.png: 2015-04-22 17:14:06.000000000 +02:00
build/images/drupal-community-bf31f541.jpg: 2015-04-22 17:14:08.000000000 +02:00
build/images/main-bg-b4d7d31a.jpg: 2015-04-22 17:14:10.000000000 +02:00
build/images/mdwp-0f2aeb8c.png: 2015-04-22 17:14:10.000000000 +02:00
build/images/mdwp-18b096f0.gif: 2015-04-22 17:14:10.000000000 +02:00
build/images/mdwp-logo-8a5c7407.png: 2015-04-22 17:14:11.000000000 +02:00
build/images/mdwp-projekt-showroom-215-9cc7c9d8.jpg: 2015-04-22 17:13:45.000000000
  +02:00
build/images/mdwp-projekt-showroom-7b9a3058.jpg: 2015-04-22 17:14:11.000000000 +02:00
build/images/member-4d41c466.png: 2015-04-22 17:14:16.000000000 +02:00
build/images/mm-ebc66352.png: 2015-04-22 17:14:14.000000000 +02:00
