---
build/apple-touch-icon-114x114-precomposed.png: 2015-04-15 23:16:58.000000000 +02:00
build/apple-touch-icon-120x120-precomposed.png: 2015-04-15 23:16:58.000000000 +02:00
build/apple-touch-icon-144x144-precomposed.png: 2015-04-19 20:51:20.000000000 +02:00
build/apple-touch-icon-72x72-precomposed.png: 2015-04-15 23:16:58.000000000 +02:00
build/apple-touch-icon-precomposed.png: 2015-04-19 20:51:20.000000000 +02:00
build/images/badge_partner_large.png: 2015-04-19 20:51:20.000000000 +02:00
build/images/contentful.png: 2015-04-19 20:51:22.000000000 +02:00
build/images/drupal-community.jpg: 2015-04-19 20:51:21.000000000 +02:00
build/images/main-bg.jpg: 2015-04-19 20:51:22.000000000 +02:00
build/images/mdwp-logo.png: 2015-04-19 20:51:21.000000000 +02:00
build/images/mdwp-projekt-showroom-215.jpg: 2015-04-15 23:16:58.000000000 +02:00
build/images/mdwp-projekt-showroom.jpg: 2015-04-19 20:51:22.000000000 +02:00
build/images/mdwp.gif: 2015-04-19 20:51:22.000000000 +02:00
build/images/mdwp.png: 2015-04-19 20:51:22.000000000 +02:00
build/images/member.png: 2015-04-19 20:51:24.000000000 +02:00
build/images/mm.png: 2015-04-19 20:51:24.000000000 +02:00
